-1.0472	21.1173	0.061204	21.6124	0.0639736	22.0158	0.068251	23.2481	0.0750685	23.4487	0.0786081	23.9256	0.0822658
-0.916298	21.8965	0.0623587	22.0954	0.0647103	22.3265	0.0688297	23.2701	0.0750205	23.1641	0.0780252	23.5316	0.0817689
-0.785399	22.5524	0.0633149	22.5237	0.0651996	22.5752	0.0690317	23.1787	0.074881	22.918	0.0778092	23.1328	0.0809865
-0.654499	23.2097	0.06419	23.108	0.0661156	23.0459	0.0696963	23.067	0.0748064	22.5469	0.0771375	22.7594	0.0802966
-0.523599	23.9958	0.0652292	23.7671	0.0670241	23.1867	0.0700076	23.1556	0.0748884	22.6089	0.0772885	22.4094	0.0794238
-0.392699	24.5479	0.0658536	24.1614	0.0675142	23.4947	0.0705847	23.133	0.0747621	22.3916	0.0767055	22.2207	0.0792475
-0.2618	25.0758	0.0666498	24.5173	0.0680504	23.6328	0.0707053	23.2032	0.0749106	22.2407	0.0765944	22.0441	0.0789889
-0.1309	25.2897	0.0669696	24.7046	0.0683743	23.8354	0.071021	23.2318	0.0749219	22.2299	0.0765672	22.1336	0.0792477
-3.33333e-07	25.1323	0.066687	24.7356	0.0682833	23.7383	0.0708814	23.1787	0.0748573	22.2516	0.0766542	22.0265	0.0787899
0.130899	25.0195	0.0665478	24.5331	0.0680471	23.6728	0.0708297	23.2862	0.0751381	22.3047	0.0766475	21.9883	0.0790355
0.261799	24.5567	0.0660179	24.2756	0.067757	23.2038	0.069817	23.344	0.0751711	22.3736	0.0767434	22.1779	0.0789301
0.392699	23.9544	0.0650804	23.8607	0.0673943	23.0731	0.0699143	23.1283	0.0749229	22.5968	0.0772903	22.5042	0.0798895
0.523598	23.2542	0.0642657	23.1825	0.0662279	22.8999	0.0695963	23.0631	0.0747979	22.876	0.0778803	22.8568	0.0804455
0.654498	22.6003	0.0632605	22.4722	0.0650825	22.5935	0.0690902	23.1582	0.0748253	22.9382	0.0776967	23.1588	0.0809771
0.785398	21.8526	0.0622344	21.9817	0.0644998	22.2311	0.0685644	23.3074	0.0752357	23.3007	0.078502	23.4942	0.0813776
0.916298	21.1539	0.0612643	21.4391	0.0636549	22.115	0.0685066	23.1757	0.0749933	23.5259	0.0786756	24.1476	0.0828368
1.0472	20.6134	0.0604282	21.014	0.0630438	21.7964	0.0679867	23.2635	0.0751943	24.0458	0.0797769	24.5688	0.083095
1.1781	20.2959	0.0599881	20.836	0.0628607	21.6238	0.0676039	23.1763	0.0748691	24.056	0.0796199	25.061	0.0842321
1.309	20.0003	0.0594591	20.5942	0.0624852	21.5365	0.0674386	23.1654	0.074821	24.3068	0.0802138	25.3644	0.0846226
1.4399	20.0364	0.0595941	20.5293	0.0623767	21.4218	0.0672868	23.301	0.0750656	24.488	0.080321	25.562	0.0849798
1.5708	19.9953	0.059455	20.6238	0.0625069	21.5391	0.0676431	23.5117	0.0755816	24.5398	0.0805386	25.4504	0.0847077
1.7017	20.1461	0.0597103	20.8347	0.062809	21.7651	0.0677772	23.4387	0.0753182	24.5883	0.0806614	25.5261	0.0848077
1.8326	20.486	0.0602238	21.0667	0.0630248	21.9064	0.0680703	23.7326	0.0757969	24.4859	0.0804006	25.3148	0.0845372
1.9635	20.9635	0.0608233	21.5145	0.0638664	22.1733	0.0684631	23.527	0.0754461	24.3646	0.0800651	24.8926	0.0837914
2.09439	21.6018	0.0619475	22.051	0.0646171	22.399	0.0688119	23.6629	0.0757922	24.042	0.0798093	24.5748	0.0833032
2.22529	22.3409	0.062779	22.39	0.0650157	22.9259	0.0697459	23.6595	0.0757343	23.7963	0.0791518	24.2114	0.0827748
2.35619	23.0452	0.0639194	23.134	0.0662293	23.1093	0.0699669	23.6329	0.0756467	23.5874	0.0788961	23.4317	0.0811763
2.48709	23.7492	0.0650049	23.654	0.06689	23.3607	0.0704208	23.7718	0.0759892	23.1359	0.0779713	23.1542	0.0810188
2.61799	24.3035	0.0657407	24.0054	0.0674557	23.616	0.0707119	23.4661	0.0754754	22.818	0.077635	22.7013	0.080063
2.74889	24.7721	0.0661478	24.3834	0.0678754	23.5641	0.0705423	23.4151	0.0753321	22.6405	0.0773137	22.3575	0.0794614
2.87979	25.2265	0.0667359	24.6849	0.0682773	23.7967	0.0709616	23.2934	0.0751434	22.3785	0.0767975	22.143	0.0789811
3.01069	25.3419	0.0670064	24.8613	0.0686143	23.6602	0.0707799	23.4232	0.0754621	22.3939	0.0766877	21.9998	0.0788442
3.14159	25.3224	0.0668967	24.8684	0.068629	23.8501	0.0710683	23.3341	0.0753214	22.3343	0.0769144	22.0889	0.0790047
3.27249	25.0454	0.0665354	24.7234	0.0684023	23.7231	0.0707511	23.3559	0.0753174	22.4743	0.0768812	22.1116	0.0790753
3.40339	24.8295	0.0663228	24.2979	0.0677286	23.6063	0.0706167	23.3031	0.0750564	22.499	0.0770137	22.3261	0.0792805
3.53429	24.1077	0.0652551	24.0479	0.0674926	23.5861	0.070771	23.3648	0.0752983	22.6551	0.0773771	22.772	0.0801922
3.66519	23.5384	0.0644995	23.3924	0.0665134	23.2498	0.070026	23.5496	0.0756665	23.1256	0.078049	23.183	0.0809757
3.79609	22.8965	0.0637298	23.0764	0.0660898	23.1098	0.0699106	23.6099	0.0755594	23.38	0.0784966	23.6148	0.0816996
3.92699	22.1816	0.0626886	22.357	0.0649556	22.7521	0.0692405	23.6301	0.075636	23.8207	0.079442	24.157	0.0826656
4.05789	21.6614	0.0619736	21.9975	0.0645602	22.5429	0.0691618	23.6325	0.0757092	23.8993	0.0793488	24.4445	0.0832113
4.18879	20.9847	0.0609138	21.436	0.0636869	22.2563	0.0686102	23.6124	0.0758088	24.3175	0.0800014	24.9834	0.084033
4.31969	20.5352	0.0601674	21.1463	0.063264	22.0279	0.0683515	23.5231	0.0754032	24.3896	0.0801217	25.2203	0.0844592
4.45059	20.275	0.060153	20.7707	0.0626507	21.862	0.0680038	23.5138	0.0754494	24.5581	0.0805448	25.5779	0.0850501
4.58149	19.9205	0.0593711	20.5526	0.0623757	21.5625	0.0675531	23.4147	0.0754306	24.5812	0.0806028	25.4809	0.0849135
4.71239	19.8797	0.05935	20.5137	0.0623556	21.4616	0.0674432	23.3999	0.0753582	24.4512	0.0803649	25.5119	0.0849378
4.84329	20.0842	0.0596605	20.6928	0.0625598	21.6066	0.0676282	23.2677	0.0749554	24.3009	0.0799121	25.3815	0.0847782
4.97419	20.2174	0.0598476	20.6937	0.0624728	21.516	0.0673485	23.111	0.07478	24.0708	0.0797538	24.875	0.0836938
5.10509	20.7334	0.0606438	21.0186	0.063133	21.7771	0.067885	23.2552	0.0750515	23.9734	0.0794859	24.5367	0.0834762
